Pattern:1-[1, 0, 0, 0, 0, 0, 1]
Pattern:2-[1, 0, 0, 0, 0, 1, 0]
Pattern:3-[1, 0, 0, 0, 0, 1, 1]
Pattern:4-[1, 0, 0, 0, 1, 0, 0]
Pattern:5-[1, 1, 1, 1, 1, 1, 0]
Pattern:6-[1, 1, 1, 1, 1, 1, 0]
Pattern:7-[1, 0, 0, 0, 1, 0, 0]
Pattern:8-[1, 1, 1, 1, 1, 1, 0]
Pattern:9-[1, 1, 1, 1, 1, 1, 0]
Pattern:10-[1, 0, 0, 0, 0, 1, 0]
Pattern:11-[1, 1, 1, 1, 1, 1, 0]
Pattern:12-[1, 0, 0, 0, 1, 0, 0]
Pattern:13-[1, 1, 1, 1, 1, 1, 0]
Pattern:14-[1, 1, 1, 1, 1, 1, 0]
Pattern:15-[1, 0, 0, 0, 0, 0, 1]
Pattern:16-[1, 1, 1, 1, 1, 1, 0]
Pattern:17-[1, 0, 0, 0, 0, 1, 1]
Pattern:18-[1, 0, 0, 0, 1, 0, 0]
Pattern:19-[1, 1, 1, 1, 1, 1, 0]
Pattern:20-[1, 0, 0, 0, 0, 1, 0]
Pattern:21-[1, 1, 1, 1, 1, 1, 0]
Pattern:22-[1, 1, 1, 1, 1, 1, 0]
Pattern:23-[1, 0, 0, 0, 0, 1, 1]
Pattern:24-[1, 1, 1, 1, 1, 1, 0]
Pattern:25-[1, 0, 0, 0, 0, 0, 1]
